
$molecule
Na    -1.470513   0.010355   0.007107
 O     0.117772   0.091524   1.633024
 H     0.160022   0.146060   2.589000
 H     0.986086  -0.231227   1.328023
 O    -3.323648  -1.342224  -0.133175
 H    -3.312048  -2.222488  -0.518088
 H    -4.196521  -1.239543   0.254341
 O     0.075249  -0.916948  -1.374471
 H     0.958905  -0.983250  -0.967089
 H     0.186400  -1.081871  -2.312024
 O    -2.270098   2.162350  -0.072761
 H    -1.858841   2.889239   0.402230
 H    -2.957237   2.560717  -0.612868
 O     2.317079  -0.891433   0.256107
 H     2.716124  -1.727914   0.510322
 H     3.060311  -0.278465   0.060002
 O     4.328593   0.820012  -0.296611
 H     4.824017   1.335253   0.344762
 H     4.827789   0.851974  -1.116433
$end
$temperature
298.15
$end
$mult
 1
$end
$sigma
 1
$end
$pressure
1.00000
$end
$scale
0.983
$end
$msrrho
0.00001
1000.0
0
$end
$freq
12.84
22.03
28.74
32.05
45.45
50.36
70.71
89.42
95.93
104.45
154.77
168.49
171.22
194.18
204.96
206.94
220.09
240.71
271.52
279.08
286.44
289.72
298.33
301.72
343.52
365.05
367.99
420.86
490.41
562.64
670.64
770.65
905.29
1633.32
1645.30
1648.98
1650.59
1652.71
1690.58
3446.12
3563.34
3620.38
3849.90
3850.09
3850.60
3892.29
3925.75
3927.44
3940.23
3940.74
3947.17
$end
$bond
16 17
$end
$freq_rotor
8
$end
$rotor
17 18 19
$end
$accuracy
0.003
$end
$steps
2300
$end
$potential
0 0
30 0.1
60 0
90 0.1
120 0
150 0.1
180 0
210 0.1
240 0.0
270 0.1
300 0.0
330 0.1
360 0.0
$end
