
$molecule
 C    -1.296435   0.281237   0.090387
 O    -1.213370  -1.056234   0.372055
 O    -0.176458   0.686231  -0.583519
 O    -2.215383   0.989820   0.389667
 C    -0.066990  -1.610801  -0.276884
 C     0.800638  -0.375733  -0.592095
 H     0.429504  -2.323874   0.410339
 H    -0.387996  -2.152018  -1.192856
 C     1.899064  -0.102782   0.433160
 H     1.227527  -0.416641  -1.615782
 H     1.440460  -0.123028   1.446572
 H     2.608777  -0.958465   0.395793
 C     2.631505   1.217021   0.200523
 H     3.402092   1.390558   0.976867
 H     3.138086   1.228074  -0.786885
 H     1.921836   2.067002   0.223027
$end
$temperature
298.15
$end
$mult
 1
$end
$sigma
 1
$end
$pressure
1.00000
$end
$scale
1.011
$end
$msrrho
0.00001
1000.0
0
$end
$freq
71.90
128.02
152.57
225.92
239.59
375.02
445.58
530.30
691.13
729.15
739.64
797.53
820.46
881.71
955.95
974.72
987.79
1056.57
1074.26
1092.08
1105.80
1134.28
1195.75
1245.98
1261.80
1303.21
1340.25
1355.47
1357.83
1402.52
1418.79
1431.86
1446.21
1902.63
2962.93
2977.83
2978.27
3001.85
3018.66
3052.65
3063.96
3081.73
$end
