
$molecule
 H  -2.95792433 -0.14569510 -0.06457002
 O  -2.41402633 0.65332896 0.01678614
 C  -1.11625386 0.30019613 0.03168047
 C  -0.17518603 1.32652764 0.14420303
 C  -0.64840666 -1.01093034 -0.05685263
Br  -0.73403123 3.16217276 0.27132251
 C   1.18199856 1.06360340 0.16822420
Br  -1.90203578 -2.46880269 -0.21394559
 C   0.70111027 -1.31316912 -0.03620551
 H   1.91179670 1.87580181 0.25677852
 C   1.58831286 -0.25808789 0.07682364
 H   1.05049916 -2.34861368 -0.10678894
Br   3.47805337 -0.64388087 0.10871917
$end
$temperature
298.15
$end
$mult
 1
$end
$sigma
 1
$end
$pressure
1.00000
$end
$scale
1
$end
$msrrho
0.00001
1000.0
0
$end
$freq
68.48
105.31
107.95
120.81
164.41
239.04
278.32
291.15
308.89
335.40
353.51
487.76
531.13
537.18
671.74
713.74
719.93
873.21
943.36
950.03
1099.25
1168.43
1201.71
1272.71
1382.28
1428.25
1523.75
1656.65
1732.08
1756.39
3053.57
3057.55
3223.52
$end
